0.217147017573 0.222838276839 21.6486919465
0.217147017573 0.248284488123 20.9281379639
0.217147017573 0.276636437496 20.1254873549
0.217147017573 0.308225935213 19.2614249369
0.217147017573 0.3434226814 18.3570157396
0.217147017573 0.382638592753 17.4307846741
0.217147017573 0.426332623307 16.4977227591
0.217147017573 0.47501613569 15.5694076796
0.217147017573 0.52925888574 14.6545727722
0.217147017573 0.5896956905 13.7597272637
0.217147017573 0.657033857653 12.8896867644
0.217147017573 0.732061463322 12.0479746878
0.217147017573 0.815656575135 11.2371245396
0.217147017573 0.908797528478 10.4588944693
0.217147017573 1.01257437621 9.71442887675
0.217147017573 1.12820164583 9.00438784687
0.217147017573 1.25703255342 8.32903798476
0.217147017573 1.40057484067 7.68833444281
0.217147017573 1.5605084204 7.08198080698
0.217147017573 1.73870503697 6.50947972283
0.217147017573 1.93725017185 5.97017347999
0.217147017573 2.15846745051 5.46327637126
0.217147017573 2.40494583643 4.98790162196
0.217147017573 2.6795699304 4.54308266978
0.217147017573 2.98555372981 4.12779178741
0.217147017573 3.32647824281 3.74095328413
0.217147017573 3.70633339785 3.3814557244
0.217147017573 4.12956473884 3.04816310975
0.217147017573 4.60112545249 2.73992209157
0.217147017573 5.12653433677 2.45557039114
0.217147017573 5.71194038882 2.19394265452
0.217147017573 6.36419476826 1.95387633844
0.217147017573 7.09093097814 1.73421733448
0.217147017573 7.90065420177 1.53382352597
0.217147017573 8.80284084112 1.35156966661
0.217147017573 9.80804942163 1.18635077736
0.217147017573 10.9280441613 1.03708533498
0.217147017573 12.1759326507 0.902717928475
0.217147017573 13.5663192539 0.782222072975
0.217147017573 15.115476028 0.67460166405
0.217147017573 16.8415331584 0.578893016384
0.217147017573 18.7646911417 0.494165955324
0.217147017573 20.9074571972 0.419525038192
0.217147017573 23.2949086746 0.354110245529
0.217147017573 25.9549865409 0.297097767696
0.217147017573 28.9188223807 0.247700647205
0.217147017573 32.2211027377 0.205169369184
0.217147017573 35.9004750597 0.168792638918
0.217147017573 40.0 0.137898131404
