3.16241728436 0.2 3.9095758123
3.16241728436 0.222838276839 3.90877360391
3.16241728436 0.248284488123 3.90777636149
3.16241728436 0.276636437496 3.90653953463
3.16241728436 0.308225935213 3.90500368977
3.16241728436 0.3434226814 3.90310039895
3.16241728436 0.382638592753 3.90073212438
3.16241728436 0.426332623307 3.89780093982
3.16241728436 0.47501613569 3.89415597725
3.16241728436 0.52925888574 3.88963165567
3.16241728436 0.5896956905 3.88402103185
3.16241728436 0.657033857653 3.87706534975
3.16241728436 0.732061463322 3.86843208525
3.16241728436 0.815656575135 3.85769263328
3.16241728436 0.908797528478 3.84441321689
3.16241728436 1.01257437621 3.82795636361
3.16241728436 1.12820164583 3.80748586594
3.16241728436 1.25703255342 3.78223678369
3.16241728436 1.40057484067 3.75087253285
3.16241728436 1.5605084204 3.71201340779
3.16241728436 1.73870503697 3.66430030254
3.16241728436 1.93725017185 3.60488337517
3.16241728436 2.15846745051 3.53169320137
3.16241728436 2.40494583643 3.44246658902
3.16241728436 2.6795699304 3.33274742055
3.16241728436 2.98555372981 3.19798949973
3.16241728436 3.32647824281 3.03712401817
3.16241728436 3.70633339785 2.8536809209
3.16241728436 4.12956473884 2.65430440484
3.16241728436 4.60112545249 2.44651154951
3.16241728436 5.12653433677 2.23706286463
3.16241728436 5.71194038882 2.03125208055
3.16241728436 6.36419476826 1.83284974709
3.16241728436 7.09093097814 1.64434872847
3.16241728436 7.90065420177 1.46727637881
3.16241728436 8.80284084112 1.30246817812
3.16241728436 9.80804942163 1.15027337682
3.16241728436 10.9280441613 1.01070031193
3.16241728436 12.1759326507 0.883516890418
3.16241728436 13.5663192539 0.768321205319
3.16241728436 15.115476028 0.664591596287
3.16241728436 16.8415331584 0.571724083056
3.16241728436 18.7646911417 0.489060353391
3.16241728436 20.9074571972 0.415909497209
3.16241728436 23.2949086746 0.351564579679
3.16241728436 25.9549865409 0.29531575998
3.16241728436 28.9188223807 0.246460440416
3.16241728436 32.2211027377 0.204311192702
3.16241728436 35.9004750597 0.168202149302
3.16241728436 40.0 0.137494021552

